;ws-01_S1S2;ws-02_S3S4;ws-03_S5;ws-04_S7;ws-05_S6S8;incoming_storage;outgoing_storage
ws-01_S1S2;0;150;240;282;384;192;120
ws-02_S3S4;150;0;282;240;282;324;120
ws-03_S5;240;282;0;150;300;192;120
ws-04_S7;282;240;150;0;150;324;120
ws-05_S6S8;384;282;300;150;0;468;120
incoming_storage;192;324;192;324;468;0;312
outgoing_storage;120;120;120;120;120;312;0
